mean: 152.72068718682894
variance: 57672.84569843358